123
456
888123
456
888123
456
888123
456
888123
456
888123
456
888123
456
888123
456
888123
456
888123
456
888123
456
888123
456
888123
456
888123
456
888123
456
888123
456
888123
456
888123
456
888123
456
888123
456
888123
456
888123
456
888123
456
888123
456
888123
456
888123
456
888123
456
888123
456
888123
456
888123
456
888123
456
888123
456
888123
456
888123
456
888123
456
888123
456
888123
456
888123
456
888123
456
888123
456
888123
456
888123
456
888123
456
888123
456
888123
456
888123
456
888123
456
888123
456
888123
456
888123
456
888123
456
888123
456
888123
456
888123
456
888123
456
888123
456
888123
456
888123
456
888123
456
888123
456
888123
456
888123
456
888123
456
888123
456
888123
456
888123
456
888123
456
888123
456
888123
456
888123
456
888123
456
888123
456
888123
456
888123
456
888123
456
888123
456
888123
456
888123
456
888123
456
888123
456
888123
456
888123
456
888123
456
888123
456
888123
456
888123
456
888123
456
888123
456
888123
456
888123
456
888123
456
888123
456
888123
456
888123
456
888123
456
888123
456
888123
456
888123
456
888123
456
888123
456
888123
456
888123
456
888123
456
888123
456
888123
456
888123
456
888123
456
888123
456
888123
456
888123
456
888123
456
888123
456
888123
456
888123
456
888123
456
888123
456
888123
456
888123
456
888123
456
888123
456
888123
456
888123
456
888123
456
888
